original,wt
17.7052341598,-0.899440203209
17.7052341598,11.9554577105
17.7052341598,24.199687172
17.7052341598,35.2411446163
17.7052341598,44.5566912134
16.9063360882,51.7208213132
16.9063360882,56.4281380597
16.9063360882,58.508299632
16.9063360882,57.9326198673
16.9063360882,54.8120759751
17.0495867769,49.3870513985
17.0495867769,42.0096816702
17.0495867769,33.1201369807
17.0495867769,23.2185352625
17.0495867769,12.8344109281
16.8071625344,2.4957543845
16.8071625344,-7.3004154109
16.8071625344,-16.1141694973
16.8071625344,-23.5840036905
16.8071625344,-29.4423035068
15.3746556474,-33.5242975561
15.3746556474,-35.7703229933
15.3746556474,-36.2216781407
15.3746556474,-35.0107434832
15.3746556474,-32.3463863734
14.8457300275,-28.4959073986
14.8457300275,-23.764925927
14.8457300275,-18.4766357634
14.8457300275,-12.9517941266
14.8457300275,-7.49065049873
13.7493112948,-2.3577942112
13.7493112948,2.22937723245
13.7493112948,6.10816934911
13.7493112948,9.17398551217
13.7493112948,11.3797931513
12.8209366391,12.7320938076
12.8209366391,13.2840214509
12.8209366391,13.126323666
12.8209366391,12.3770453128
12.8209366391,11.1707357266
12.3939393939,9.64794463466
12.3939393939,7.94566851632
12.3939393939,6.18927045019
12.3939393939,4.48623619614
12.3939393939,2.92196115982
11.7520661157,1.55759987475
11.7520661157,0.429862849145
11.7520661157,-0.447476216186
11.7520661157,-1.08069079535
11.7520661157,-1.49221452151
11.391184573,-1.71616480853
11.391184573,-1.79367634211
11.391184573,-1.76840745326
11.391184573,-1.68252457014
11.391184573,-1.57339724085
10.8099173554,-1.47115562556
10.8099173554,-1.39718060776
10.8099173554,-1.36351978787
10.8099173554,-1.37315554656
10.8099173554,-1.42099774993
10.2672176309,-1.4954357572
10.2672176309,-1.58026302975
10.2672176309,-1.65678237939
10.2672176309,-1.70590918027
10.2672176309,-1.71011128463
9.90909090909,-1.65505492134
9.90909090909,-1.53086221057
9.90909090909,-1.33292475974
9.90909090909,-1.06225599652
9.90909090909,-0.725399743014
9.79063360882,-0.333941910596
9.79063360882,0.0963053695401
9.79063360882,0.546363141275
9.79063360882,0.995297584911
9.79063360882,1.42149395599
9.4738292011,1.80390855852
9.4738292011,2.123226355
9.4738292011,2.36286667334
9.4738292011,2.50979599847
9.4738292011,2.55512348015
9.01652892562,2.49447020978
9.01652892562,2.32811648648
9.01652892562,2.06094154423
9.01652892562,1.7021772737
9.01652892562,1.26500144057
8.62809917355,0.765997193326
8.62809917355,0.224504920521
8.62809917355,-0.338109444854
8.62809917355,-0.899247944196
8.62809917355,-1.4359162258
8.56473829201,-1.9255826684
8.56473829201,-2.34704217453
8.56473829201,-2.68126425245
8.56473829201,-2.91220229186
8.56473829201,-3.02753753593
8.07713498623,-3.01932782711
8.07713498623,-2.88452854286
8.07713498623,-2.62535204922
8.07713498623,-2.24943321421
8.07713498623,-1.76977259088
8.20936639118,-1.20443609124
8.20936639118,-0.57600029994
8.20936639118,0.0892543532789
8.20936639118,0.76238524044
8.20936639118,1.41303054578
8.34986225895,2.01080423999
8.34986225895,2.52677919867
8.34986225895,2.93498308315
8.34986225895,3.21382410465
8.34986225895,3.34736132497
8.11845730028,3.32633732795
8.11845730028,3.14890012939
8.11845730028,2.82095582365
8.11845730028,2.35611298019
8.11845730028,1.77520307096
7.97520661157,1.10538675291
7.97520661157,0.378881935819
7.97520661157,-0.368625589315
7.97520661157,-1.09980639309
7.97520661157,-1.77764683269
7.57300275482,-2.36743284182
7.57300275482,-2.83864304737
7.57300275482,-3.16663929448
7.57300275482,-3.33405303913
7.57300275482,-3.33178310175
7.40495867769,-3.15954289379
7.40495867769,-2.82592196213
7.40495867769,-2.34795578693
7.40495867769,-1.75022729873
7.40495867769,-1.06355161305
7.69696969697,-0.32332019241
7.69696969697,0.432399539763
7.69696969697,1.16489941805
7.69696969697,1.83688409942
7.69696969697,2.41442695078
7.28650137741,2.86871977077
7.28650137741,3.17752182585
7.28650137741,3.32623304594
7.28650137741,3.30853962457
7.28650137741,3.12660611895
7.21212121212,2.79081475952
7.21212121212,2.3190783798
7.21212121212,1.7357766138
7.21212121212,1.07038445057
7.21212121212,0.355876854183
6.90633608815,-0.372997721216
6.90633608815,-1.08147875911
6.90633608815,-1.7364962563
6.90633608815,-2.3082282729
6.90633608815,-2.77143940725
6.71625344353,-3.10654178317
6.71625344353,-3.30033813634
6.71625344353,-3.34642572531
6.71625344353,-3.24525885706
6.71625344353,-3.00388568587
6.87878787879,-2.63539065244
6.87878787879,-2.15808672278
6.87878787879,-1.59451095412
6.87878787879,-0.970282605579
6.87878787879,-0.312885029069
6.93388429752,0.349568842856
6.93388429752,0.989532016506
6.93388429752,1.58113140863
6.93388429752,2.10114829588
6.93388429752,2.52984087267
6.86225895317,2.85158847583
6.86225895317,3.05534664865
6.86225895317,3.13491098755
6.86225895317,3.08899524327
6.86225895317,2.92113518604
6.66666666667,2.63943419412
6.66666666667,2.25616943236
6.66666666667,1.78727901755
6.66666666667,1.25175098298
6.66666666667,0.670934472579
6.5564738292,0.0677927603073
6.5564738292,-0.533883269722
6.5564738292,-1.11028334754
6.5564738292,-1.63839034246
6.5564738292,-2.09677962748
6.11570247934,-2.46638725813
6.11570247934,-2.73122795764
6.11570247934,-2.87904268037
6.11570247934,-2.90185432791
6.11570247934,-2.79640933394
6.28374655647,-2.56448265688
6.28374655647,-2.21302456061
6.28374655647,-1.75412972009
6.28374655647,-1.20481288769
6.28374655647,-0.586580723573
6.35812672176,0.0752035672356
6.35812672176,0.752157573408
6.35812672176,1.41390394569
6.35812672176,2.0292558936
6.35812672176,2.56752728156
6.49862258953,2.99992015728
6.49862258953,3.3009331274
6.49862258953,3.44972645689
6.49862258953,3.43137484428
6.49862258953,3.23793717217
6.89531680441,2.86927467391
6.89531680441,2.33355523047
6.89531680441,1.64739202053
6.89531680441,0.835579329732
6.89531680441,-0.0695934652525
7.00275482094,-1.02944762175
7.00275482094,-2.0004153593
7.00275482094,-2.93588603732
7.00275482094,-3.78832651747
7.00275482094,-4.51158335482
7.44903581267,-5.06325746533
7.44903581267,-5.40702997961
7.44903581267,-5.51481226584
7.44903581267,-5.36859442589
7.44903581267,-4.96187538068
8.02754820937,-4.30057394719
8.02754820937,-3.40334356186
8.02754820937,-2.30124252219
8.02754820937,-1.03674534129
8.02754820937,0.3378828042
8.57851239669,1.76278963166
8.57851239669,3.17322323188
8.57851239669,4.50257822096
8.57851239669,5.6856502813
8.57851239669,6.66193171223
9.02479338843,7.37877280356
9.02479338843,7.7942361155
9.02479338843,7.87948324574
9.02479338843,7.62055586879
9.02479338843,7.01944357387
8.64738292011,6.09436855113
8.64738292011,4.87925925376
8.64738292011,3.42242924477
8.64738292011,1.78452082203
8.64738292011,0.0358130422259
8.20661157025,-1.74697199884
8.20661157025,-3.48420436352
8.20661157025,-5.09704559983
8.20661157025,-6.5111279603
8.20661157025,-7.66003274759
8.02479338843,-8.48840035487
8.02479338843,-8.95452662383
8.02479338843,-9.03232925771
8.02479338843,-8.71260215615
8.02479338843,-8.00351241496
8.71349862259,-6.93033205299
8.71349862259,-5.53443211338
8.71349862259,-3.87159875046
8.71349862259,-2.00975777649
8.71349862259,-0.0262149156942
9.63636363636,1.99546676919
9.63636363636,3.9688231035
9.63636363636,5.807947811
9.63636363636,7.43092690647
9.63636363636,8.76312862113
10.2451790634,9.74023947386
10.2451790634,10.3109493466
10.2451790634,10.4392014858
10.2451790634,10.1059365319
10.2451790634,9.31027258709
11.2699724518,8.07007592556
11.2699724518,6.42188947216
11.2699724518,4.42019913948
11.2699724518,2.13603213543
11.2699724518,-0.34510290391
12.2644628099,-2.92590611194
12.2644628099,-5.50055854887
12.2644628099,-7.95850494569
12.2644628099,-10.1886506741
12.2644628099,-12.0838505544
13.435261708,-13.5455414402
13.435261708,-14.4883469642
13.435261708,-14.8444634332
13.435261708,-14.5676227575
13.435261708,-13.6364235722
15.6308539945,-12.0568271539
15.6308539945,-9.86363169976
15.6308539945,-7.12076773463
15.6308539945,-3.92029876583
15.6308539945,-0.38006390168
17.782369146,3.36003883733
17.782369146,7.14306102024
17.782369146,10.8011645194
17.782369146,14.1627233707
17.782369146,17.0600892186
19.479338843,19.3376856665
19.479338843,20.8600532993
19.479338843,21.5194408509
19.479338843,21.2425318423
19.479338843,19.9959119023
20.3195592287,17.789920556
20.3195592287,14.6805918751
20.3195592287,10.7694690083
20.3195592287,6.20117493696
20.3195592287,1.15873134733
20.4407713499,-4.14326614708
20.4407713499,-9.46739114767
20.4407713499,-14.5637113495
20.4407713499,-19.1812592691
20.4407713499,-23.0801317317
21.1267217631,-26.0436430924
21.1267217631,-27.8899266168
21.1267217631,-28.4823780662
21.1267217631,-27.7383665607
21.1267217631,-25.6356998177
24.2534435262,-22.2164218236
24.2534435262,-17.5876372187
24.2534435262,-11.9191930712
24.2534435262,-5.43819898722
24.2534435262,1.57947653584
28.4628099174,8.82043969615
28.4628099174,15.9472941361
28.4628099174,22.6138817384
28.4628099174,28.4815637032
28.4628099174,33.2357872576
32.3443526171,36.6021410372
32.3443526171,38.361097665
32.3443526171,38.3606768399
32.3443526171,36.5263359358
32.3443526171,32.8675054377
35.6280991736,27.4803293482
35.6280991736,20.5463401425
35.6280991736,12.3269865799
35.6280991736,3.15413213414
35.6280991736,-6.58315739799
39.4931129477,-16.4550262348
39.4931129477,-26.0097559626
39.4931129477,-34.7943764471
39.4931129477,-42.3760181411
39.4931129477,-48.3629955893
44.1818181818,-52.4245915579
44.1818181818,-54.3085413226
44.1818181818,-53.8552976047
44.1818181818,-51.0082862607
44.1818181818,-45.819536309
53.4655647383,-38.450277983
53.4655647383,-29.1663397723
53.4655647383,-18.3284286091
53.4655647383,-6.37763393655
53.4655647383,6.18325684816
60.8650137741,18.8118203163
60.8650137741,30.9504366878
60.8650137741,42.0519656767
60.8650137741,51.6054300874
60.8650137741,59.1604531511
66.5564738292,64.3492341273
66.5564738292,66.904948787
66.5564738292,66.675622958
66.5564738292,63.6327408329
66.5564738292,57.8741046514
66.7878787879,49.6207455466
66.7878787879,39.2079818886
66.7878787879,27.0710154366
66.7878787879,13.7257311035
66.7878787879,-0.254391918525
65.4931129477,-14.264154744
65.4931129477,-27.6940583474
65.4931129477,-39.9579542015
65.4931129477,-50.5196072342
65.4931129477,-58.916915351
65.9944903581,-64.7826564096
65.9944903581,-67.8608159502
65.9944903581,-68.0177762502
65.9944903581,-65.2479061343
65.9944903581,-59.6733667215
71.9807162534,-51.5382257205
71.9807162534,-41.1972372518
71.9807162534,-29.0998821175
71.9807162534,-15.7704637306
71.9807162534,-1.78520911189
78.4049586777,12.2525728741
78.4049586777,25.7381745938
78.4049586777,38.0909156655
78.4049586777,48.7782650628
78.4049586777,57.3377060705
84.9035812672,63.3955186613
84.9035812672,66.6818069155
84.9035812672,67.0412682459
84.9035812672,64.4393777162
84.9035812672,58.963836897
88.5068870523,50.8213061616
88.5068870523,40.329597303
88.5068870523,27.9056467193
88.5068870523,14.0497164615
88.5068870523,-0.673619399878
94.4104683196,-15.6570521623
94.4104683196,-30.2739515054
94.4104683196,-43.902824767
94.4104683196,-55.9519881146
94.4104683196,-65.8835875092
99.9724517906,-73.2360987935
99.9724517906,-77.6444495295
99.9724517906,-78.8569435529
99.9724517906,-76.7482358787
99.9724517906,-71.3277034113
109.134986226,-62.7426876477
109.134986226,-51.2762493499
109.134986226,-37.3392699774
109.134986226,-21.4569559729
109.134986226,-4.25004256522
117.870523416,13.5887562293
117.870523416,31.3222573522
117.870523416,48.1992531495
117.870523416,63.4866654554
117.870523416,76.5020296291
123.159779614,86.6448327928
123.159779614,93.4252037969
123.159779614,96.4885024499
123.159779614,95.6344854078
123.159779614,90.8299341112
120.91184573,82.2139094226
120.91184573,70.0951362859
120.91184573,54.9414034034
120.91184573,37.3612674954
120.91184573,18.0787565813
115.804407713,-2.09785181995
115.804407713,-22.3117668748
115.804407713,-41.6962573718
115.804407713,-59.4142023535
115.804407713,-74.6966772724
111.209366391,-86.8786556642
111.209366391,-95.430034298
111.209366391,-99.9804174744
111.209366391,-100.336411263
111.209366391,-96.490563116
115.123966942,-88.6215142622
115.123966942,-77.0853863638
115.123966942,-62.3988737822
115.123966942,-45.2149324813
115.123966942,-26.2923224553
122.820936639,-6.4605526096
122.820936639,13.4180197451
122.820936639,32.4870773834
122.820936639,49.9343578935
122.820936639,65.0270261299
127.371900826,77.1428175775
127.371900826,85.7956219696
127.371900826,90.6544893149
127.371900826,91.5553898232
127.371900826,88.505424011
130.289256198,81.679539019
130.289256198,71.4101432716
130.289256198,58.170308374
130.289256198,42.5514926576
130.289256198,25.236907294
131.168044077,6.9717698748
131.168044077,-11.4682477382
131.168044077,-29.3090667812
131.168044077,-45.8094816545
131.168044077,-60.2905015819
133.236914601,-72.1617085226
133.236914601,-80.9437370615
133.236914601,-86.2861500781
133.236914601,-87.9801620461
133.236914601,-85.9658443438
139.520661157,-80.333630009
139.520661157,-71.3201163199
139.520661157,-59.2983407485
139.520661157,-44.7628779547
139.520661157,-28.3102711778
143.198347107,-10.6154686136
143.198347107,7.59491890648
143.198347107,25.5715926847
143.198347107,42.5727184792
143.198347107,57.8941206027
147.134986226,70.8983358494
147.134986226,81.0413406192
147.134986226,87.895807233
147.134986226,91.1698394041
147.134986226,90.7202836583
143.517906336,86.5599115199
143.517906336,78.8580113237
143.517906336,67.9342097251
143.517906336,54.2456491277
143.517906336,38.3679632202
135.190082645,20.9708015255
135.190082645,2.78893732152
135.190082645,-15.409766097
135.190082645,-32.8580740048
135.190082645,-48.8232167372
126.115702479,-62.6392476438
126.115702479,-73.7363812307
126.115702479,-81.6659088066
126.115702479,-86.1195042749
126.115702479,-86.942013128
124.85399449,-84.1371471983
124.85399449,-77.8658671606
124.85399449,-68.4376030997
124.85399449,-56.2948192344
124.85399449,-41.9917517764
125.198347107,-26.1684210408
125.198347107,-9.52122613499
125.198347107,7.22843684719
125.198347107,23.3660388325
125.198347107,38.2147950617
126.754820937,51.1641855555
126.754820937,61.6949113484
126.754820937,69.3992929373
126.754820937,73.9963674824
126.754820937,75.3412117878
124.203856749,73.4282933893
124.203856749,68.3889178943
124.203856749,60.4830849121
124.203856749,50.08627806
124.203856749,37.6718902262
122.504132231,23.7901201093
122.504132231,9.04426932934
122.504132231,-5.93457730719
122.504132231,-20.5134893727
122.504132231,-34.0832634868
120.76584022,-46.0826929774
120.76584022,-56.0206651892
120.76584022,-63.4953064544
120.76584022,-68.2095019282
120.76584022,-69.9822405172
120.556473829,-68.7553725571
120.556473829,-64.5955185026
120.556473829,-57.6910291967
120.556473829,-48.344070135
120.556473829,-36.9580802404
123.278236915,-24.021035386
123.278236915,-10.0851221056
123.278236915,4.25640985642
123.278236915,18.3943047919
123.278236915,31.7292434661
124.509641873,43.697571118
124.509641873,53.7956823137
124.509641873,61.6019566534
124.509641873,66.7952171117
124.509641873,69.1688156859
121.336088154,68.6396355299
121.336088154,65.2515276802
121.336088154,59.1729632091
121.336088154,50.688964613
121.336088154,40.1876678082
114.479338843,28.142141506
114.479338843,15.0883373278
114.479338843,1.60024642863
114.479338843,-11.7365162423
114.479338843,-24.3514000639
106.148760331,-35.7145721131
106.148760331,-45.3602937881
106.148760331,-52.9069119527
106.148760331,-58.0725486817
106.148760331,-60.6858136346
104.14600551,-60.6911349001
104.14600551,-58.1485907871
104.14600551,-53.2284089696
104.14600551,-46.2005638336
104.14600551,-37.4201329899
103.873278237,-27.309257778
103.873278237,-16.3366818817
103.873278237,-4.99591265861
103.873278237,6.2169387277
103.873278237,16.8246260993
103.019283747,26.3886258691
103.019283747,34.5265943674
103.019283747,40.926794613
103.019283747,45.3590371937
103.019283747,47.6818596729
103.272727273,47.8458433623
103.272727273,45.8931270924
103.272727273,41.95331872
103.272727273,36.2361228703
103.272727273,29.0210965033
102.055096419,20.6450129807
102.055096419,11.4873625902
102.055096419,1.95454609531
102.055096419,-7.53666874937
102.055096419,-16.5758564647
100.809917355,-24.775245969
100.809917355,-31.785089246
100.809917355,-37.3075649971
100.809917355,-41.1087295617
100.809917355,-43.0280721724
101.633608815,-42.9852896129
101.633608815,-40.983968775
101.633608815,-37.1119560637
101.633608815,-31.538300485
101.633608815,-24.506781415
102.347107438,-16.3261694372
102.347107438,-7.35751424339
102.347107438,2.00109941423
102.347107438,11.3317466484
102.347107438,20.2151032273
103.988980716,28.2493288274
103.988980716,35.0685253372
103.988980716,40.3598805653
103.988980716,43.8786324477
103.988980716,45.4600629193
102.181818182,45.0278531133
102.181818182,42.5982980926
102.181818182,38.2800821489
102.181818182,32.2695440811
102.181818182,24.8416026672
97.391184573,16.3367511745
97.391184573,7.14475112433
97.391184573,-2.31415482193
97.391184573,-11.6095458105
97.391184573,-20.3215859025
93.8787878788,-28.061162156
93.8787878788,-34.4883466551
93.8787878788,-39.3282275491
93.8787878788,-42.3833062441
93.8787878788,-43.5418562424
92.6033057851,-42.7818708993
92.6033057851,-40.1704775761
92.6033057851,-35.8589482306
92.6033057851,-30.073675422
92.6033057851,-23.1036932977
94.7768595041,-15.2854929259
94.7768595041,-6.98600104833
94.7768595041,1.41534462924
94.7768595041,9.54448367928
94.7768595041,17.0496928031
95.7851239669,23.6168221378
95.7851239669,28.982149335
95.7851239669,32.9423576178
95.7851239669,35.3613248439
95.7851239669,36.1735946536
95.1955922865,35.3845761274
95.1955922865,33.067674758
95.1955922865,29.3586869944
95.1955922865,24.4478879772
95.1955922865,18.5703051381
96.1101928375,11.9946997171
96.1101928375,5.01177714416
96.1101928375,-2.07787922832
96.1101928375,-8.97570190275
96.1101928375,-15.3964686424
95.6418732782,-21.078738015
95.6418732782,-25.7941232157
95.6418732782,-29.355192719
95.6418732782,-31.6218347825
95.6418732782,-32.5059625363
96.9944903581,-31.9744683063
96.9944903581,-30.0503623824
96.9944903581,-26.8120561192
96.9944903581,-22.3907759547
96.9944903581,-16.9661273573
98.5840220386,-10.7598687941
98.5840220386,-4.0280071678
98.5840220386,2.94861226587
98.5840220386,9.87497860878
98.5840220386,16.4535333069
99.7658402204,22.3963422992
99.7658402204,27.4373645783
99.7658402204,31.344306845
99.7658402204,33.9295222495
99.7658402204,35.059406315
100.258953168,34.6617694279
100.258953168,32.7307250059
100.258953168,29.328725382
100.258953168,24.5855006282
100.258953168,18.693803403
98.0110192837,11.9020275092
98.0110192837,4.50393943006
98.0110192837,-3.17407025116
98.0110192837,-10.7876561892
98.0110192837,-17.990422453
95.4214876033,-24.4502842813
95.4214876033,-29.8654612296
95.4214876033,-33.979273456
95.4214876033,-36.5929590425
95.4214876033,-37.5758226923
96.6639118457,-36.8721598209
96.6639118457,-34.5045671222
96.6639118457,-30.5734410575
96.6639118457,-25.2526678283
96.6639118457,-18.781710013
98.7630853994,-11.4544841666
98.7630853994,-3.6055892984
98.7630853994,4.40542096679
98.7630853994,12.2109364824
98.7630853994,19.4525234609
100.506887052,25.797652468
100.506887052,30.955121424
100.506887052,34.6884528848
100.506887052,36.8266579993
100.506887052,37.2718987937
100.928374656,36.0037372687
100.928374656,33.0798253236
100.928374656,28.6330551639
100.928374656,22.8653477483
100.928374656,16.0384003051
100.217630854,8.46183768297
100.217630854,0.4793124583
100.217630854,-7.54682705826
100.217630854,-15.2516345762
100.217630854,-22.2837427614
100.140495868,-28.3209386042
100.140495868,-33.0844868443
100.140495868,-36.3516040785
100.140495868,-37.9655596391
100.140495868,-37.8429709146
101.815426997,-35.9779679927
101.815426997,-32.4430226183
101.815426997,-27.3863664303
101.815426997,-21.026059774
101.815426997,-13.6409110513
103.526170799,-5.55858291349
103.526170799,2.85864959217
103.526170799,11.229908225
103.526170799,19.1728109641
103.526170799,26.3209130263
105.537190083,32.3406997425
105.537190083,36.9473351406
105.537190083,39.9184014383
105.537190083,41.1049349579
105.537190083,40.4391723241
105.432506887,37.9385638971
105.432506887,33.7057835992
105.432506887,27.9246577345
105.432506887,20.8521403383
105.432506887,12.8066679312
102.997245179,4.15342051574
102.997245179,-4.7128134474
102.997245179,-13.386333296
102.997245179,-21.4698547514
102.997245179,-28.593497442
101.798898072,-34.4324668639
101.798898072,-38.7225289761
101.798898072,-41.2724891752
101.798898072,-41.9730455257
101.798898072,-40.8015796859
104.187327824,-37.8226665039
104.187327824,-33.1843117805
104.187327824,-27.1101535673
104.187327824,-19.888072259
104.187327824,-11.8558364914
107.506887052,-3.38455532784
107.506887052,5.13919510616
107.506887052,13.3316549179
107.506887052,20.8296619518
107.506887052,27.3070729433
109.071625344,32.4890631143
109.071625344,36.1636769921
109.071625344,38.1901644349
109.071625344,38.503813724
109.071625344,37.1171772418
109.487603306,34.1177641874
109.487603306,29.6624395474
109.487603306,23.9689112874
109.487603306,17.3048025775
109.487603306,9.97488910944
108.889807163,2.30713167309
108.889807163,-5.36184831945
108.889807163,-12.7012154607
108.889807163,-19.3996936168
108.889807163,-25.178131687
108.663911846,-29.800405862
108.663911846,-33.0822921054
108.663911846,-34.8980388713
108.663911846,-35.1844684957
108.663911846,-33.9425325396
109.35261708,-31.236338688
109.35261708,-27.1897524678
109.35261708,-21.9807545639
109.35261708,-15.8338029472
109.35261708,-9.01050779298
110.842975207,-1.79897587114
110.842975207,5.49778062639
110.842975207,12.5739484265
110.842975207,19.1330922484
110.842975207,24.8999661814
111.308539945,29.6315236841
111.308539945,33.1267146149
111.308539945,35.2346935544
111.308539945,35.8611132831
111.308539945,34.9722401431
109.867768595,32.5967029658
109.867768595,28.8247724221
109.867768595,23.80516043
109.867768595,17.7394263554
109.867768595,10.874174308
108.005509642,3.4913196383
108.005509642,-4.10321160347
108.005509642,-11.5919132722
108.005509642,-18.6587659503
108.005509642,-25.0024089135
106.236914601,-30.348870994
106.236914601,-34.463322386
106.236914601,-37.1603414269
106.236914601,-38.3122451273
106.236914601,-37.8551076078
107.603305785,-35.7921834646
107.603305785,-32.1945593886
107.603305785,-27.1989723959
107.603305785,-21.0028516911
107.603305785,-13.8567582329
109.898071625,-6.0545064156
109.898071625,2.07864879017
109.898071625,10.1992924804
109.898071625,17.9600669301
109.898071625,25.0242506105
112.308539945,31.0801041364
112.308539945,35.8543911744
112.308539945,39.1245084743
112.308539945,40.728707312
112.308539945,40.5739569288
112.567493113,38.641086592
112.567493113,34.9869437545
112.567493113,29.7434181579
112.567493113,23.1133019847
112.567493113,15.3630804665
112.41322314,6.81287166611
112.41322314,-2.17614570131
112.41322314,-11.2163658314
112.41322314,-19.9099012069
112.41322314,-27.8656081814
112.027548209,-34.7163001492
112.027548209,-40.1354194144
112.027548209,-43.8524305562
112.027548209,-45.6662201859
112.027548209,-45.4558419444
113.760330579,-43.1880316368
113.760330579,-38.9210342883
113.760330579,-32.8044297713
113.760330579,-25.0748119245
113.760330579,-16.047361467
117.1184573,-6.1035476629
117.1184573,4.32461152724
117.1184573,14.7731162006
117.1184573,24.7665990166
117.1184573,33.8400742309
118.393939394,41.5608137129
118.393939394,47.5492954711
118.393939394,51.4981760943
118.393939394,53.1882998657
118.393939394,52.5008735993
119.049586777,49.4251036198
119.049586777,44.0608025672
119.049586777,36.6157186098
119.049586777,27.397605446
119.049586777,16.8013235716
115.801652893,5.29152620874
115.801652893,-6.61827837337
115.801652893,-18.3892969592
115.801652893,-29.4825143303
115.801652893,-39.3840213676
114.506887052,-47.6293584096
114.506887052,-53.8256691859
114.506887052,-57.670570693
114.506887052,-58.9668126568
114.506887052,-57.6320166051
116.865013774,-53.7030361416
116.865013774,-47.334751953
116.865013774,-38.793391747
116.865013774,-28.4447312688
116.865013774,-16.7377735866
123.143250689,-4.18470789743
123.143250689,8.66189307173
123.143250689,21.2335724162
123.143250689,32.9710697665
123.143250689,43.3488713331
124.70523416,51.8981710227
124.70523416,58.2272824116
124.70523416,62.0386758006
124.70523416,63.1419765155
124.70523416,61.4624408756
126.110192837,57.0446159971
126.110192837,50.0510808803
126.110192837,40.7563522881
126.110192837,29.5362143726
126.110192837,16.8528917842
127.283746556,3.23662919561
127.283746556,-10.7356362508
127.283746556,-24.4637206365
127.283746556,-37.3488882223
127.283746556,-48.8188707714
127.592286501,-58.3522559506
127.592286501,-65.5012867511
127.592286501,-69.9121409043
127.592286501,-71.3418181964
127.592286501,-69.6708560482
131.749311295,-64.9112204449
131.749311295,-57.2088796262
131.749311295,-46.8407594308
131.749311295,-34.2059972853
131.749311295,-19.8116497159
137.966942149,-4.25325691428
137.966942149,11.8090836644
137.966942149,27.6782469142
137.966942149,42.6501152568
137.966942149,56.0448509495
143.121212121,67.2380176226
143.121212121,75.6901053402
143.121212121,80.9730248822
143.121212121,82.7922215636
143.121212121,81.0032166938
141.228650138,75.621611303
141.228650138,66.8258732699
141.228650138,54.9525626677
141.228650138,40.4840147825
141.228650138,24.0288770722
140.223140496,6.29626506915
140.223140496,-11.9353576429
140.223140496,-29.8531782466
140.223140496,-46.6472886177
140.223140496,-61.5484235349
136.67768595,-73.8643543501
136.67768595,-83.0131452822
136.67768595,-88.5516090318
136.67768595,-90.197515803
136.67768595,-87.8444043773
141.08815427,-81.5682005541
141.08815427,-71.6252485022
141.08815427,-58.4417833599
141.08815427,-42.5952965803
141.08815427,-24.7886469
148.517906336,-5.81812854302
148.517906336,13.462994016
148.517906336,32.1837537103
148.517906336,49.4956850213
148.517906336,64.6120565945
151.619834711,76.8442762609
151.619834711,85.6337546119
151.619834711,90.5777375159
151.619834711,91.4479119833
151.619834711,88.2009381268
152.415977961,80.9804448332
152.415977961,70.1104290372
152.415977961,56.0803987064
152.415977961,39.5229789792
152.415977961,21.1850420533
150.460055096,1.89370939324
150.460055096,-17.4812024841
150.460055096,-36.0665727583
150.460055096,-53.0254143047
150.460055096,-67.5945810519
148.619834711,-79.1190569528
148.619834711,-87.0813024203
148.619834711,-91.1243628407
148.619834711,-91.0677269706
148.619834711,-86.9152479015
154.011019284,-78.8547917283
154.011019284,-67.2496440842
154.011019284,-52.622067053
154.011019284,-35.6297436448
154.011019284,-17.0361597916
158.531680441,2.32375826131
158.531680441,21.581221504
158.531680441,39.8726944709
158.531680441,56.3787996224
158.531680441,70.3612605613
161.17630854,81.1962132469
161.17630854,88.4023675839
161.17630854,91.6627244499
161.17630854,90.8388369272
161.17630854,85.9769378084
158.696969697,77.3056243159
158.696969697,65.2251792489
158.696969697,50.2889977511
158.696969697,33.1779621404
158.696969697,14.6689454342
155.195592287,-4.40108994003
155.195592287,-23.1737134835
155.195592287,-40.8085448796
155.195592287,-56.521796112
155.195592287,-69.6220070759
150.071625344,-79.5412788687
150.071625344,-85.8605296645
150.071625344,-88.3275943705
150.071625344,-86.8673461324
150.071625344,-81.583416572
155.035812672,-72.7515111293
155.035812672,-60.8047334083
155.035812672,-46.3117252947
155.035812672,-29.9487765338
155.035812672,-12.4673398018
158.644628099,5.34140965581
158.644628099,22.6832169536
158.644628099,38.7968202035
158.644628099,52.9877527282
158.644628099,64.658333602
161.0,73.3325388341
161.0,78.6747381619
161.0,80.5016156644
161.0,78.7869460884
161.0,73.6592525059
157.721763085,65.3927054053
157.721763085,54.3919215858
157.721763085,41.1715695981
157.721763085,26.3318772968
157.721763085,10.5312609882
156.435261708,-5.54264627714
156.435261708,-21.2022944821
156.435261708,-35.788632824
156.435261708,-48.6975390806
156.435261708,-59.403304051
153.829201102,-67.4783834415
153.829201102,-72.6088144388
153.829201102,-74.6048836047
153.829201102,-73.4068184649
153.829201102,-69.0854511435
157.079889807,-61.8379646415
157.079889807,-51.9789788882
157.079889807,-39.92736414
157.079889807,-26.1892843719
157.079889807,-11.3380742056
158.035812672,4.0083593053
158.035812672,19.2118436478
158.035812672,33.6391285129
158.035812672,46.6870796944
158.035812672,57.8069768169
161.396694215,66.5270070863
161.396694215,72.4720690391
161.396694215,75.3800537548
161.396694215,75.1138598997
161.396694215,71.6685254493
157.710743802,65.1730229652
157.710743802,55.8864641363
157.710743802,44.1886871991
157.710743802,30.5654490982
157.710743802,15.5887013557
156.159779614,-0.107319036748
156.159779614,-15.8532197602
156.159779614,-30.9736427387
156.159779614,-44.8172032161
156.159779614,-56.7857817863
152.201101928,-66.3617570701
152.201101928,-73.1318269725
152.201101928,-76.8062030958
152.201101928,-77.2321712841
152.201101928,-74.4012818383
156.842975207,-68.4497515533
156.842975207,-59.6520085996
156.842975207,-48.407670076
156.842975207,-35.2225892842
156.842975207,-20.684924253
162.426997245,-5.43744140708
162.426997245,9.85253761086
162.426997245,24.5240238649
162.426997245,37.9525341878
162.426997245,49.5780597213
166.278236915,58.92948288
166.278236915,65.644310809
166.278236915,69.4828664304
166.278236915,70.3363910412
166.278236915,68.228845066
163.41322314,63.312525276
163.41322314,55.8579278043
163.41322314,46.2385590415
163.41322314,34.91161686
163.41322314,22.3956226228
161.644628099,9.24617486976
161.644628099,-3.96898205647
161.644628099,-16.6944228164
161.644628099,-28.4099854592
161.644628099,-38.6512845477
156.815426997,-47.027057666
156.815426997,-53.2328043357
156.815426997,-57.0603764453
156.815426997,-58.4033732011
156.815426997,-57.2583715828
155.804407713,-53.7221782463
155.804407713,-47.9854165433
155.804407713,-40.3228614278
155.804407713,-31.0810066024
155.804407713,-20.6633953561
153.859504132,-9.51427346113
153.859504132,1.89886597071
153.859504132,13.1032750781
153.859504132,23.6389171336
153.859504132,33.0758528073
151.137741047,41.0305091669
151.137741047,47.1803139214
151.137741047,51.2762046938
151.137741047,53.1525607313
151.137741047,52.7341560706
147.47107438,50.0398021405
147.47107438,45.182436589
147.47107438,38.3655247015
147.47107438,29.8757691177
147.47107438,20.0722693741
142.107438017,9.37242954249
142.107438017,-1.76492771865
142.107438017,-12.8586282803
142.107438017,-23.4256444484
142.107438017,-33.0021618415
135.013774105,-41.1642781483
135.013774105,-47.5473656325
135.013774105,-51.8631481199
135.013774105,-53.9136146415
135.013774105,-53.60101516
135.438016529,-50.9333545242
135.438016529,-46.0250112032
135.438016529,-39.0923466239
135.438016529,-30.4444258905
135.438016529,-20.4692266086
134.630853994,-9.61595423898
134.630853994,1.62570480914
134.630853994,12.7483904196
134.630853994,23.2508164648
134.630853994,32.6612813642
135.126721763,40.5597702503
135.126721763,46.5975477061
135.126721763,50.5132700869
135.126721763,52.1448286365
135.126721763,51.4363582339
130.787878788,48.4400985903
130.787878788,43.3130605599
130.787878788,36.308714911
130.787878788,27.7641698404
130.787878788,18.0835234332
126.112947658,7.71825696521
126.112947658,-2.85433414389
126.112947658,-13.1535982947
126.112947658,-22.7177811141
126.112947658,-31.1250164487
121.250688705,-38.0120845
121.250688705,-43.0900993817
121.250688705,-46.1564578838
121.250688705,-47.1025774957
121.250688705,-45.9171639141
118.173553719,-42.6849652872
118.173553719,-37.5811816383
118.173553719,-30.8618935026
118.173553719,-22.8510453395
118.173553719,-13.9246599326
117.151515152,-4.49306476847
117.151515152,5.01802277553
117.151515152,14.1866788723
117.151515152,22.6133664827
117.151515152,29.9381304636
112.787878788,35.8556709934
112.787878788,40.1276847003
112.787878788,42.5919985839
112.787878788,43.1681738242
112.787878788,41.8594180439
108.550964187,38.7508085583
108.550964187,34.003988769
108.550964187,27.8486486286
108.550964187,20.5712320962
108.550964187,12.5014245333
102.297520661,3.99705684965
102.297520661,-4.5718822389
102.297520661,-12.8394110969
102.297520661,-20.4591908163
102.297520661,-27.1189645071
97.3884297521,-32.5532011094
97.3884297521,-36.5534378409
97.3884297521,-38.9759292303
97.3884297521,-39.7463395371
97.3884297521,-38.8613529279
95.1487603306,-36.3872154249
95.1487603306,-32.4553576637
95.1487603306,-27.255371567
95.1487603306,-21.0257214762
95.1487603306,-14.0426564388
94.7245179063,-6.60785181768
94.7245179063,0.964656807742
94.7245179063,8.36167678723
94.7245179063,15.283646331
94.7245179063,21.4564970515
93.4132231405,26.6421431695
93.4132231405,30.6472273985
93.4132231405,33.3298422929
93.4132231405,34.6040403339
93.4132231405,34.4420413587
90.1597796143,32.8741377174
90.1597796143,29.9863821466
90.1597796143,25.9162180666
90.1597796143,20.8462751001
90.1597796143,14.9966032968
87.3443526171,8.61565788578
87.3443526171,1.97037304598
87.3443526171,-4.66432069174
87.3443526171,-11.0161739639
87.3443526171,-16.8261308312
83.652892562,-21.8583240262
83.652892562,-25.9092165455
83.652892562,-28.8155746266
83.652892562,-30.4609857854
83.652892562,-30.7806718075
80.9807162534,-29.7643911406
80.9807162534,-27.4572786555
80.9807162534,-23.9585334706
80.9807162534,-19.4179370889
80.9807162534,-14.0302633032
79.9283746556,-8.02772604788
79.9283746556,-1.6706985304
79.9283746556,4.76297739856
79.9283746556,10.989693259
79.9283746556,16.732320817
78.8512396694,21.7324855541
78.8512396694,25.7623178679
78.8512396694,28.6351276551
78.8512396694,30.2144703042
78.8512396694,30.4211235769
76.044077135,29.23757482
76.044077135,26.7097239334
76.044077135,22.9456351809
76.044077135,18.1113141846
76.044077135,12.4236378209
73.2754820937,6.14071580205
73.2754820937,-0.449895410253
73.2754820937,-7.04458176354
73.2754820937,-13.3380212233
73.2754820937,-19.0377857551
70.1212121212,-23.8784596036
70.1212121212,-27.6345499185
70.1212121212,-30.1315182949
70.1212121212,-31.2543524696
70.1212121212,-30.9532216102
70.3581267218,-29.2459095911
70.3581267218,-26.2168898759
70.3581267218,-22.0130834407
70.3581267218,-16.8365173145
70.3581267218,-10.9342655987
71.0137741047,-4.58619779218
71.0137741047,1.9088272531
71.0137741047,8.24760570261
71.0137741047,14.1373175754
71.0137741047,19.3095899406
71.5316804408,23.5331888801
71.5316804408,26.6247166618
71.5316804408,28.4568047585
71.5316804408,28.9634325603
71.5316804408,28.1421574443
69.6611570248,26.0532051742
69.6611570248,22.8155311537
69.6611570248,18.6001140333
69.6611570248,13.6208757416
69.6611570248,8.12372970459
67.741046832,2.37433709669
67.741046832,-3.3548034155
67.741046832,-8.79729469778
67.741046832,-13.7051912622
67.741046832,-17.8601924762
65.3360881543,-21.0831860574
65.3360881543,-23.2417445324
65.3360881543,-24.2552872436
65.3360881543,-24.0977386477
65.3360881543,-22.7976339626
65.2011019284,-20.4357399959
65.2011019284,-17.1403671976
65.2011019284,-13.0806444252
65.2011019284,-8.45810734051
65.2011019284,-3.49701251256
64.2121212121,1.56616916674
64.2121212121,6.49360468794
64.2121212121,11.0568200228
64.2121212121,15.0468306019
64.2121212121,18.2832563152
63.6198347107,20.6220464436
63.6198347107,21.9615036296
63.6198347107,22.2463706813
63.6198347107,21.469827001
63.6198347107,19.673329822
62.1955922865,16.9443261339
62.1955922865,13.4119509037
62.1955922865,9.24091257535
62.1955922865,4.62384443466
62.1955922865,-0.227533064624
61.129476584,-5.09204160796
61.129476584,-9.74903313049
61.129476584,-13.988287453
61.129476584,-17.6193740112
61.129476584,-20.4800567672
60.0550964187,-22.4433659208
60.0550964187,-23.4230228171
60.0550964187,-23.3769826396
60.0550964187,-22.3089492968
60.0550964187,-20.2678137769
61.4242424242,-17.3450660932
61.4242424242,-13.6703264733
61.4242424242,-9.40522854489
61.4242424242,-4.73596127554
61.4242424242,0.135166476948
63.1267217631,4.9987375226
63.1267217631,9.6473964697
63.1267217631,13.8847659634
63.1267217631,17.5337218077
63.1267217631,20.4436827956
62.085399449,22.496628601
62.085399449,23.6116270758
62.085399449,23.7477263804
62.085399449,22.9051431855
62.085399449,21.124751674
60.8319559229,18.4859458018
60.8319559229,15.1030066207
60.8319559229,11.1201556979
60.8319559229,6.70551401862
60.8319559229,2.04421328087
58.8732782369,-2.66907605124
58.8732782369,-7.23792696902
58.8732782369,-11.4719742791
58.8732782369,-15.1944998438
58.8732782369,-18.249525254
56.217630854,-20.5081665332
56.217630854,-21.8740235736
56.217630854,-22.28739948
56.217630854,-21.728172564
56.217630854,-20.2171773458
55.041322314,-17.8159915168
55.041322314,-14.6250740547
55.041322314,-10.7802556861
55.041322314,-6.4476459881
55.041322314,-1.81709002719
54.1680440771,2.905621058
54.1680440771,7.50751025923
54.1680440771,11.7778045339
54.1680440771,15.5175570671
54.1680440771,18.5490635002
53.085399449,20.7246118752
53.085399449,21.9341076087
53.085399449,22.1111423898
53.085399449,21.2371305678
53.085399449,19.3432175265
51.1928374656,16.5097689171
51.1928374656,12.8633726097
51.1928374656,8.57142023891
51.1928374656,3.83447425242
51.1928374656,-1.12323946763
49.3250688705,-6.0647532021
49.3250688705,-10.7521355995
49.3250688705,-14.9585017972
49.3250688705,-18.4795998214
49.3250688705,-21.1443263212
47.2865013774,-22.8235738539
47.2865013774,-23.4368995513
47.2865013774,-22.9566262521
47.2865013774,-21.4091347415
47.2865013774,-18.8732702304
48.5261707989,-15.4759568709
48.5261707989,-11.3852796011
48.5261707989,-6.80144182709
48.5261707989,-1.94613036491
48.5261707989,2.94909249168
49.3360881543,7.65470165455
49.3360881543,11.9547532824
49.3360881543,15.6574242209
49.3360881543,18.6039876737
49.3360881543,20.6757759808
47.5592286501,21.7988163059
47.5592286501,21.9459749019
47.5592286501,21.1365996965
47.5592286501,19.4337985627
47.5592286501,16.9396220132
45.6887052342,13.7885260268
45.6887052342,10.1395672781
45.6887052342,6.16782578688
45.6887052342,2.05555822035
45.6887052342,-2.0164392881
43.1900826446,-5.87683263205
43.1900826446,-9.37076423212
43.1900826446,-12.3656189155
43.1900826446,-14.7553761091
43.1900826446,-16.4634789678
41.5757575758,-17.4442389243
41.5757575758,-17.6828685947
41.5757575758,-17.194293154
41.5757575758,-16.0209282988
41.5757575758,-14.2296317802
39.7685950413,-11.9080370337
39.7685950413,-9.16046489161
39.7685950413,-6.10358694353
39.7685950413,-2.86198645912
39.7685950413,0.436265564722
38.1542699725,3.66392679148
38.1542699725,6.69871890841
38.1542699725,9.42721972603
38.1542699725,11.7484530215
38.1542699725,13.5771135586
37.085399449,14.8463566308
37.085399449,15.5100720037
37.085399449,15.5445548157
37.085399449,14.9494842594
37.085399449,13.7481276293
35.303030303,11.9867044988
35.303030303,9.73287407263
35.303030303,7.07334736386
35.303030303,4.11067258042
35.303030303,0.959293457352
33.0027548209,-2.25896822298
33.0027548209,-5.41980805034
33.0027548209,-8.40147776457
33.0027548209,-11.0897105513
33.0027548209,-13.3822716812
31.7603305785,-15.192888893
31.7603305785,-16.4543525622
31.7603305785,-17.1206296089
31.7603305785,-17.1679035439
31.7603305785,-16.5945306198
31.5812672176,-15.4199820666
31.5812672176,-13.6829175007
31.5812672176,-11.4385974542
31.5812672176,-8.75588698944
31.5812672176,-5.71412239164
31.9421487603,-2.4001059088
31.9421487603,1.09454111921
31.9421487603,4.67549640711
31.9421487603,8.24723623293
31.9421487603,11.7139198111
31.1983471074,14.9797591148
31.1983471074,17.9490650401
31.1983471074,20.5262337359
31.1983471074,22.6159827609
31.1983471074,24.1241577152
29.6721763085,24.9594012369
29.6721763085,25.0359065359
29.6721763085,24.2773698046
29.6721763085,22.6221169797
29.6721763085,20.0292213788
28.0495867769,16.4852638734
28.0495867769,12.0112327647
28.0495867769,6.66893343843
28.0495867769,0.566194401209
28.0495867769,-6.13986979514
26.6584022039,-13.2422371908
26.6584022039,-20.4865844295
26.6584022039,-27.5775234916
26.6584022039,-34.1886286218
26.6584022039,-39.9761225333
25.5840220386,-44.5957746607
25.5840220386,-47.7222469382
25.5840220386,-49.0698316843
25.5840220386,-48.4132892564
25.5840220386,-45.6073355521
24.9366391185,-40.6032718392
24.9366391185,-33.4613056027
24.9366391185,-24.3572863422
24.9366391185,-13.582870096
24.9366391185,-1.53851653388
24.1101928375,11.280811003
24.1101928375,24.3068608271
24.1101928375,36.9253232325
24.1101928375,48.5076897134
24.1101928375,58.4459420548
22.7300275482,66.1879683875
22.7300275482,71.2714376364
22.7300275482,73.3538558538
22.7300275482,72.2366854528
22.7300275482,67.8817262345
21.0936639118,60.4184172885
21.0936639118,50.1412914784
21.0936639118,37.4974596261
21.0936639118,23.0646732448
21.0936639118,7.52116310969
