original,wt
4.72633979475,-0.448298276838
4.72633979475,3.12235275889
4.72633979475,6.5405148766
4.72633979475,9.64010033634
4.72633979475,12.272926241
4.748004561,14.3168612791
4.748004561,15.6823389964
4.748004561,16.3168487915
4.748004561,16.2071545517
4.748004561,15.3791446874
4.72177879133,13.8953749321
4.72177879133,11.8505152003
4.72177879133,9.3650434504
4.72177879133,6.57763390649
4.72177879133,3.63675749388
4.71151653364,0.692044995441
4.71151653364,-2.11404271205
4.71151653364,-4.65373598666
4.71151653364,-6.82024319825
4.71151653364,-8.53247750637
4.4937286203,-9.73801592534
4.4937286203,-10.4142085488
4.4937286203,-10.5674799451
4.4937286203,-10.2309787498
4.4937286203,-9.46082796264
4.43443557583,-8.33130172211
4.43443557583,-6.92930078625
4.43443557583,-5.34851718971
4.43443557583,-3.683669323
4.43443557583,-2.02515469003
4.30558722919,-0.454413120906
4.30558722919,0.959776328255
4.30558722919,2.16392010848
4.30558722919,3.12129323192
4.30558722919,3.81229567191
4.32725199544,4.2337673421
4.32725199544,4.39740492161
4.32725199544,4.32746686119
4.32725199544,4.05797954719
4.32725199544,3.6296676573
4.12542759407,3.08682623214
4.12542759407,2.47433290335
4.12542759407,1.83496877637
4.12542759407,1.20717882887
4.12542759407,0.62336068556
4.09007981756,0.108727515407
4.09007981756,-0.319250485299
4.09007981756,-0.650858531843
4.09007981756,-0.883666881101
4.09007981756,-1.02166420712
4.07867730901,-1.07409645832
4.07867730901,-1.05411997835
4.07867730901,-0.977377071196
4.07867730901,-0.860594852049
4.07867730901,-0.720295366925
3.99885974914,-0.571687998298
3.99885974914,-0.427795596614
3.99885974914,-0.298845068635
3.99885974914,-0.19193269396
3.99885974914,-0.110955446168
3.94640820981,-0.0567830669506
3.94640820981,-0.0276323378978
3.94640820981,-0.0195954146248
3.94640820981,-0.0272684713498
3.94640820981,-0.0444252434462
3.84948688712,-0.0646821175722
3.84948688712,-0.0821067750271
3.84948688712,-0.0917304564193
3.84948688712,-0.0899339799293
3.84948688712,-0.0746889347062
3.86659064994,-0.0456471831603
3.86659064994,-0.0040831600119
3.86659064994,0.0472962640919
3.86659064994,0.104650992133
3.86659064994,0.163386185888
3.85974914481,0.218576264542
3.85974914481,0.26539929588
3.85974914481,0.299547862176
3.85974914481,0.317586032841
3.85974914481,0.317227606987
3.81527936146,0.297517814642
3.81527936146,0.258908615313
3.81527936146,0.203225996084
3.81527936146,0.133535642114
3.81527936146,0.0539204713765
3.72177879133,-0.0308106795512
3.72177879133,-0.115459815334
3.72177879133,-0.194796361453
3.72177879133,-0.263907674768
3.72177879133,-0.318519211492
3.73432155074,-0.355263355518
3.73432155074,-0.371880519144
3.73432155074,-0.367341659861
3.73432155074,-0.341887354709
3.73432155074,-0.29698457296
3.72177879133,-0.235207851231
3.72177879133,-0.160056324584
3.72177879133,-0.0757217099061
3.72177879133,0.0131753168328
3.72177879133,0.101861940236
3.70125427594,0.185685194191
3.70125427594,0.260362693811
3.70125427594,0.322198297132
3.70125427594,0.368252235237
3.70125427594,0.396459036814
3.64424173318,0.405690482724
3.64424173318,0.395764562369
3.64424173318,0.36740470924
3.64424173318,0.322156266612
3.64424173318,0.26226904095
3.65108323831,0.190555876974
3.65108323831,0.110237441609
3.65108323831,0.0247829050884
3.65108323831,-0.0622449201128
3.65108323831,-0.147333016194
3.57810718358,-0.227145083488
3.57810718358,-0.298628831201
3.57810718358,-0.35910239977
3.57810718358,-0.406320320844
3.57810718358,-0.438520700006
3.57696693273,-0.454456145802
3.57696693273,-0.453411334394
3.57696693273,-0.435210006705
3.57696693273,-0.4002137013
3.57696693273,-0.349313724812
3.60661345496,-0.283916872981
3.60661345496,-0.205924375603
3.60661345496,-0.117702588518
3.60661345496,-0.0220432274504
3.60661345496,0.0778894555968
3.57126567845,0.178627130234
3.57126567845,0.276483573692
3.57126567845,0.367659734659
3.57126567845,0.448367464682
3.57126567845,0.51497002028
3.60091220068,0.564135554344
3.60091220068,0.592997891652
3.60091220068,0.599317098727
3.60091220068,0.581630895643
3.60091220068,0.539386990145
3.54047890536,0.473046089647
3.54047890536,0.384145771796
3.54047890536,0.27531662386
3.54047890536,0.150244088661
3.54047890536,0.0135722074911
3.53135689852,-0.129251209281
3.53135689852,-0.272184722356
3.53135689852,-0.4088515762
3.53135689852,-0.53283529992
3.53135689852,-0.637998384677
3.47776510832,-0.718807195352
3.47776510832,-0.770644585296
3.47776510832,-0.790091126167
3.47776510832,-0.775156557787
3.47776510832,-0.725445036882
3.46864310148,-0.642240956128
3.46864310148,-0.528506359782
3.46864310148,-0.388786056427
3.46864310148,-0.229022107981
3.46864310148,-0.0562850905821
3.57582668187,0.121565014576
3.57582668187,0.296270622891
3.57582668187,0.459599542589
3.57582668187,0.603775142136
3.57582668187,0.721888645779
3.52337514253,0.808269108641
3.52337514253,0.858788826305
3.52337514253,0.871085625656
3.52337514253,0.844688434561
3.52337514253,0.78103841489
3.52451539339,0.683404372718
3.52451539339,0.556697695363
3.52451539339,0.407198260688
3.52451539339,0.242208196185
3.52451539339,0.0696546640705
3.44583808438,-0.102334273958
3.44583808438,-0.265855387614
3.44583808438,-0.413632684021
3.44583808438,-0.539373595718
3.44583808438,-0.63805954051
3.43101482326,-0.706156111773
3.43101482326,-0.741733661783
3.43101482326,-0.74449497639
3.43101482326,-0.715712681173
3.43101482326,-0.658084552232
3.51311288483,-0.575519655486
3.51311288483,-0.472871902339
3.51311288483,-0.355639972679
3.51311288483,-0.229653508232
3.51311288483,-0.100765019606
3.55302166477,0.0254348159179
3.55302166477,0.143863662481
3.55302166477,0.25014474301
3.55302166477,0.340747883941
3.55302166477,0.413071880019
3.61687571266,0.465469863954
3.61687571266,0.497223065465
3.61687571266,0.508471298456
3.61687571266,0.500110544797
3.61687571266,0.473669015097
3.66590649943,0.431173057215
3.66590649943,0.37501333356
3.66590649943,0.307819954892
3.66590649943,0.23235295557
3.66590649943,0.151411874518
3.75484606613,0.0677655328583
3.75484606613,-0.015899370938
3.75484606613,-0.0970142697797
3.75484606613,-0.173154201363
3.75484606613,-0.242058331328
3.78677309008,-0.30165107876
3.78677309008,-0.350068637653
3.78677309008,-0.385694299968
3.78677309008,-0.407204123691
3.78677309008,-0.413622350074
3.87457240593,-0.404383780356
3.87457240593,-0.379398301545
3.87457240593,-0.339111117616
3.87457240593,-0.284551179134
3.87457240593,-0.217359946614
3.93044469783,-0.139793047942
3.93044469783,-0.0546886097067
3.93044469783,0.0346019993897
3.93044469783,0.124322698353
3.93044469783,0.210459164892
4.05473204105,0.288918680137
4.05473204105,0.355735578767
4.05473204105,0.407291634414
4.05473204105,0.440538364785
4.05473204105,0.453206682001
4.10034207526,0.443988725855
4.10034207526,0.412677223539
4.10034207526,0.360249366185
4.10034207526,0.288884944135
4.10034207526,0.201912216305
4.13911060433,0.103679497794
4.13911060433,-0.000644546475975
4.13911060433,-0.105333754868
4.13911060433,-0.204417381863
4.13911060433,-0.29202564973
4.27708095781,-0.362747157474
4.27708095781,-0.411975296269
4.27708095781,-0.436220283031
4.27708095781,-0.433364554771
4.27708095781,-0.402842081097
4.35917901938,-0.345726533582
4.35917901938,-0.264718950102
4.35917901938,-0.164032180243
4.35917901938,-0.0491765277855
4.35917901938,0.0733419138409
4.56670467503,0.196392262936
4.56670467503,0.312635882312
4.56670467503,0.414962406199
4.56670467503,0.496915946296
4.56670467503,0.553083039421
4.95895096921,0.579416457617
4.95895096921,0.573473581208
4.95895096921,0.534554296873
4.95895096921,0.46373083095
4.95895096921,0.363769949844
5.16989737742,0.238955876958
5.16989737742,0.0948294063483
5.16989737742,-0.0621355852556
5.16989737742,-0.224893216965
5.16989737742,-0.386197694437
5.61801596351,-0.538960631047
5.61801596351,-0.676570873423
5.61801596351,-0.793159093409
5.61801596351,-0.883795807795
5.61801596351,-0.944618629488
6.15735461802,-0.972891688543
6.15735461802,-0.967006531459
6.15735461802,-0.926438727165
6.15735461802,-0.851677339552
6.15735461802,-0.74414503907
6.85974914481,-0.606124840071
6.85974914481,-0.440705454855
6.85974914481,-0.251751496017
6.85974914481,-0.0438979016569
6.85974914481,0.17743917405
7.43329532497,0.406049273349
7.43329532497,0.634931632723
7.43329532497,0.856338306539
7.43329532497,1.0618784074
7.43329532497,1.24270232197
7.90421892816,1.38977859618
7.90421892816,1.49426737445
7.90421892816,1.54798353081
7.90421892816,1.54393091959
7.90421892816,1.47687765291
8.59407069555,1.34393221495
8.59407069555,1.14507273388
8.59407069555,0.883577877529
8.59407069555,0.566308364329
8.59407069555,0.203793372835
9.2645381984,-0.1899138489
9.2645381984,-0.597632609374
9.2645381984,-0.999707466331
9.2645381984,-1.37490113826
9.2645381984,-1.70149156305
9.40935005701,-1.95851793312
9.40935005701,-2.1271042285
9.40935005701,-2.19177677033
9.40935005701,-2.14168585569
9.40935005701,-1.97164143858
10.4161915621,-1.68287942995
10.4161915621,-1.28348831278
10.4161915621,-0.788444689539
10.4161915621,-0.21922990274
10.4161915621,0.396973592629
11.3238312429,1.02847972627
11.3238312429,1.6406369156
11.3238312429,2.1976293786
11.3238312429,2.66444463196
11.3238312429,3.00889644894
12.0820980616,3.20358576708
12.0820980616,3.22768265293
12.0820980616,3.06842039668
12.0820980616,2.72220755735
12.0820980616,2.19528427751
13.1197263398,1.50387404159
13.1197263398,0.673809619208
13.1197263398,-0.260359540073
13.1197263398,-1.25674344318
13.1197263398,-2.26791081027
13.8597491448,-3.2430293322
13.8597491448,-4.13024778536
13.8597491448,-4.87920915299
13.8597491448,-5.44357776758
13.8597491448,-5.7834628444
14.7137970353,-5.8676252492
14.7137970353,-5.67536335625
14.7137970353,-5.19798670066
14.7137970353,-4.43980206845
14.7137970353,-3.41855498203
16.3443557583,-2.16528959229
16.3443557583,-0.723611246234
16.3443557583,0.851641973015
16.3443557583,2.49629000557
16.3443557583,4.13921265433
16.8620296465,5.70518912095
16.8620296465,7.11808050061
16.8620296465,8.30424059009
16.8620296465,9.19602271512
16.8620296465,9.73523588328
17.3238312429,9.87639354813
17.3238312429,9.58959382588
17.3238312429,8.86287230074
17.3238312429,7.70387858626
17.3238312429,6.14074627571
17.8654503991,4.22205307228
17.8654503991,2.0158034494
17.8654503991,-0.392590775115
17.8654503991,-2.90330764555
17.8654503991,-5.40601316879
17.7651083238,-7.78452995485
17.7651083238,-9.92209486892
17.7651083238,-11.7069786632
17.7651083238,-13.038204072
17.7651083238,-13.8310744398
18.6818700114,-14.0222151254
18.6818700114,-13.5738364142
18.6818700114,-12.4769502701
18.6818700114,-10.7533136557
18.6818700114,-8.45592694561
20.1824401368,-5.6679846469
20.1824401368,-2.50025377891
20.1824401368,0.913061358531
20.1824401368,4.41982539141
20.1824401368,7.85662688286
23.0992018244,11.0562896094
23.0992018244,13.8558907065
23.0992018244,16.1048965825
23.0992018244,17.673007622
23.0992018244,18.4573042111
23.858608894,18.3883098462
23.858608894,17.4346311491
23.858608894,15.6058974289
23.858608894,12.953800913
23.858608894,9.57112896138
25.3112884835,5.5887769274
25.3112884835,1.17082992285
25.3112884835,-3.49210141802
25.3112884835,-8.19101682352
25.3112884835,-12.707782317
26.5541619156,-16.8250931646
26.5541619156,-20.3366882339
26.5541619156,-23.0573385931
26.5541619156,-24.8321337912
26.5541619156,-25.5446122206
28.7058152794,-25.1233264401
28.7058152794,-23.5464985452
28.7058152794,-20.844501958
28.7058152794,-17.1000009215
28.7058152794,-12.4456834787
31.8631698974,-7.05963322477
31.8631698974,-1.15849481845
31.8631698974,5.0113068344
31.8631698974,11.1839384924
31.8631698974,17.0856851685
33.4686431015,22.4471319406
33.4686431015,27.0154599088
33.4686431015,30.5662974357
33.4686431015,32.9145751981
33.4686431015,33.9238664019
35.2508551881,33.5137508215
35.2508551881,31.6648210372
35.2508551881,28.42104817
35.2508551881,23.8893384061
35.2508551881,18.2362357457
32.6738882554,11.6818552029
32.6738882554,4.49125834645
32.6738882554,-3.03639623276
32.6738882554,-10.5804867988
32.6738882554,-17.8128154744
33.7913340935,-24.4121486897
33.7913340935,-30.0787684124
33.7913340935,-34.5483763657
33.7913340935,-37.6047073933
33.7913340935,-39.0902511295
34.5621436716,-38.9145519633
34.5621436716,-37.059653508
34.5621436716,-33.5823718822
34.5621436716,-28.6132175572
34.5621436716,-22.3519329537
39.6510832383,-15.0597663507
39.6510832383,-7.04875546842
39.6510832383,1.33156045928
39.6510832383,9.70945000213
39.6510832383,17.7076594802
43.3523375143,24.9606988136
43.3523375143,31.1319463951
43.3523375143,35.9297597775
43.3523375143,39.121801043
43.3523375143,40.5468470819
47.3842645382,40.1234546608
47.3842645382,37.854985075
47.3842645382,33.8306582929
47.3842645382,28.2224947944
47.3842645382,21.2782060262
48.1482326112,13.3103014242
48.1482326112,4.68188028219
48.1482326112,-4.21024092364
48.1482326112,-12.9542617157
48.1482326112,-21.1430725534
50.8472063854,-28.3938847992
50.8472063854,-34.366813325
50.8472063854,-38.7814486891
50.8472063854,-41.4305495019
50.8472063854,-42.190129636
51.7708095781,-41.025402056
51.7708095781,-37.9922610009
51.7708095781,-33.2342244985
51.7708095781,-26.9750055749
51.7708095781,-19.5071182619
57.771949829,-11.1771391394
57.771949829,-2.36842360001
57.771949829,6.51779256824
57.771949829,15.081899101
57.771949829,22.9449999609
58.8472063854,29.7666019447
58.8472063854,35.2600179775
58.8472063854,39.2047462364
58.8472063854,41.4552711077
58.8472063854,41.9459429236
56.905359179,40.6918166576
56.905359179,37.785551199
56.905359179,33.3906770525
56.905359179,27.7317195185
56.905359179,21.0818071304
52.7445838084,13.7484948365
52.7445838084,6.05858474948
52.7445838084,-1.65726584005
52.7445838084,-9.07939617608
52.7445838084,-15.9127752082
51.0250855188,-21.8988432762
51.0250855188,-26.825116522
51.0250855188,-30.5322479594
51.0250855188,-32.9183823387
51.0250855188,-33.940780363
47.5849486887,-33.6148144979
47.5849486887,-32.0105482377
47.5849486887,-29.2471996886
47.5849486887,-25.4858569134
47.5849486887,-20.9208564304
48.1402508552,-15.7702586613
48.1402508552,-10.2658570336
48.1402508552,-4.64314350124
48.1402508552,0.868374644429
48.1402508552,6.05415079284
48.1117445838,10.722559445
48.1117445838,14.7115863261
48.1117445838,17.8940514745
48.1117445838,20.181229415
48.1117445838,21.5247928019
49.2417331813,21.9170684174
49.2417331813,21.3896558454
49.2417331813,20.0105180963
49.2417331813,17.8797082962
49.2417331813,15.1239454826
47.0467502851,11.890293627
47.0467502851,8.33922935101
47.0467502851,4.63740367349
47.0467502851,0.950410194402
47.0467502851,-2.56413442178
46.748004561,-5.76291204079
46.748004561,-8.52237435918
46.748004561,-10.7431562855
46.748004561,-12.3532777536
46.748004561,-13.3100406276
45.2428734322,-13.600590654
45.2428734322,-13.2411771757
45.2428734322,-12.2752020583
45.2428734322,-10.7702008525
45.2428734322,-8.81394103172
44.3865450399,-6.50985233863
44.3865450399,-3.9720218412
44.3865450399,-1.31999111099
44.3865450399,1.32641428427
44.3865450399,3.85201058594
41.3477765108,6.15075092761
41.3477765108,8.12963623397
41.3477765108,9.71192470976
41.3477765108,10.8395601761
41.3477765108,11.4747760784
39.7662485747,11.6008658862
39.7662485747,11.2221405872
39.7662485747,10.3631193158
39.7662485747,9.06701965246
39.7662485747,7.39362998667
35.6134549601,5.41665808772
35.6134549601,3.22065839001
35.6134549601,0.897646216175
35.6134549601,-1.45648909066
35.6134549601,-3.74565789744
33.0604332953,-5.87721564554
33.0604332953,-7.76546491792
33.0604332953,-9.33490117115
33.0604332953,-10.5230930797
33.0604332953,-11.2830951264
30.3044469783,-11.5853000773
30.3044469783,-11.418652813
30.3044469783,-10.7911649536
30.3044469783,-9.72969180964
30.3044469783,-8.2789590691
29.0741163056,-6.49985553527
29.0741163056,-4.46703906848
29.0741163056,-2.26593420613
29.0741163056,0.0107699196696
29.0741163056,2.26698558161
28.1755986317,4.40729819221
28.1755986317,6.34106962004
28.1755986317,7.98639075969
28.1755986317,9.27370163945
28.1755986317,10.1489072408
26.8802736602,10.5758363152
26.8802736602,10.5379181826
26.8802736602,10.0389875869
26.8802736602,9.1031684701
26.8802736602,7.77383188905
26.2428734322,6.11166885924
26.2428734322,4.19196311563
26.2428734322,2.10118914393
26.2428734322,-0.0669049715293
26.2428734322,-2.21554428543
24.685290764,-4.24930130841
24.685290764,-6.07839005877
24.685290764,-7.62267702784
24.685290764,-8.81522176135
24.685290764,-9.60518479729
24.1014823261,-9.95997371445
24.1014823261,-9.86653705508
24.1014823261,-9.33175860527
24.1014823261,-8.3819485183
24.1014823261,-7.06147063956
24.2690992018,-5.43058489951
24.2690992018,-3.56261786199
24.2690992018,-1.54060194269
24.2690992018,0.546456566794
24.2690992018,2.60750921956
23.5769669327,4.553422415
23.5769669327,6.30079004741
23.5769669327,7.77544401292
23.5769669327,8.9155225511
23.5769669327,9.67397883058
22.7457240593,10.0204379873
22.7457240593,9.94233873411
22.7457240593,9.44532454427
22.7457240593,8.5528782894
22.7457240593,7.30522228555
21.5655644242,5.75753232109
21.5655644242,3.97753889255
21.5655644242,2.04261110999
21.5655644242,0.0364381272022
21.5655644242,-1.95456094829
20.2690992018,-3.84495541284
20.2690992018,-5.55399841107
20.2690992018,-7.00914533353
20.2690992018,-8.14924364797
20.2690992018,-8.92725132919
19.2907639681,-9.31235613336
19.2907639681,-9.29138949445
19.2907639681,-8.86945649869
19.2907639681,-8.06973649655
19.2907639681,-6.93244626468
18.9441277081,-5.51299762298
18.9441277081,-3.87942205311
18.9441277081,-2.10917388986
18.9441277081,-0.28545867134
18.9441277081,1.50673811103
19.2884834664,3.18472644361
19.2884834664,4.67208597984
19.2884834664,5.90233485162
19.2884834664,6.82210195001
19.2884834664,7.3936358279
19.2380952381,7.59651783627
19.2380952381,7.42848980985
19.2380952381,6.90535504029
19.2380952381,6.05996243829
19.2380952381,4.94033448182
18.6383219955,3.60704656825
18.6383219955,2.13000577146
18.6383219955,0.584808249105
18.6383219955,-0.951125202278
18.6383219955,-2.40242776508
18.447845805,-3.69947583609
18.447845805,-4.78170115257
18.447845805,-5.60036424158
18.447845805,-6.12066210437
18.447845805,-6.32308336768
19.0544217687,-6.20396755334
19.0544217687,-5.77526884661
19.0544217687,-5.0635661479
19.0544217687,-4.10839797405
19.0544217687,-2.96003110894
18.6870748299,-1.6767945328
18.6870748299,-0.322124427425
18.6870748299,1.03852810577
18.6870748299,2.34077710757
18.6870748299,3.52422930457
19.0068027211,4.53513392659
19.0068027211,5.32864918061
19.0068027211,5.87064242305
19.0068027211,6.13896542241
19.0068027211,6.1241709108
18.7777777778,5.82966084972
18.7777777778,5.27127966807
18.7777777778,4.47638657332
18.7777777778,3.48245948427
18.7777777778,2.33529892509
18.1541950113,1.08691319232
18.1541950113,-0.206823860843
18.1541950113,-1.48864409561
18.1541950113,-2.70238327858
18.1541950113,-3.79540357135
17.9444444444,-4.72084068055
17.9444444444,-5.43958260242
17.9444444444,-5.921897102
17.9444444444,-6.14863882801
17.9444444444,-6.11198403062
17.8333333333,-5.81566076484
17.8333333333,-5.27466454591
17.8333333333,-4.51447277315
17.8333333333,-3.56979476192
17.8333333333,-2.48291669094
18.1575963719,-1.3017208939
18.1575963719,-0.0774754430516
18.1575963719,1.13749823587
18.1575963719,2.29216580683
18.1575963719,3.33901463495
18.3321995465,4.23607507519
18.3321995465,4.9486334802
18.3321995465,5.45055996247
18.3321995465,5.72519631976
18.3321995465,5.76577487246
18.2414965986,5.57536561109
18.2414965986,5.16637523791
18.2414965986,4.55964565089
18.2414965986,3.78321955991
18.2414965986,2.87085592924
17.9807256236,1.86038688656
17.9807256236,0.79201018041
17.9807256236,-0.2933927285
17.9807256236,-1.35583271505
17.9807256236,-2.35761763341
17.7811791383,-3.26453811154
17.7811791383,-4.04680690262
17.7811791383,-4.67974403882
17.7811791383,-5.1442181451
17.7811791383,-5.42686914892
17.9886621315,-5.52014810063
17.9886621315,-5.42221518098
17.9886621315,-5.13673701735
17.9886621315,-4.67261948988
17.9886621315,-4.04370312002
18.2380952381,-3.26843615588
18.2380952381,-2.36952716351
18.2380952381,-1.37356601592
18.2380952381,-0.310591335401
18.2380952381,0.786424803198
18.0464852608,1.88220660297
18.0464852608,2.93994747569
18.0464852608,3.92224645624
18.0464852608,4.79221481448
18.0464852608,5.51474196202
18.4342403628,6.05788962063
18.4342403628,6.39436247361
18.4342403628,6.50298425969
18.4342403628,6.37009259862
18.4342403628,5.99075567785
18.0,5.3697108201
18.0,4.52192989631
18.0,3.47272989551
18.0,2.25736834344
18.0,0.920091589445
17.5079365079,-0.487362486746
17.5079365079,-1.90776933699
17.5079365079,-3.2808554183
17.5079365079,-4.54605968978
17.5079365079,-5.64548096367
17.2244897959,-6.52685185755
17.2244897959,-7.14636846252
17.2244897959,-7.47120415702
17.2244897959,-7.48154677438
17.2244897959,-7.17202026086
17.3129251701,-6.55238389941
17.3129251701,-5.64744223405
17.3129251701,-4.49614450085
17.3129251701,-3.14990070617
17.3129251701,-1.67018931347
18.1859410431,-0.125575631363
18.1859410431,1.41170251203
18.1859410431,2.86939688254
18.1859410431,4.17895653201
18.1859410431,5.27907380149
18.4784580499,6.11886889363
18.4784580499,6.66053291835
18.4784580499,6.8812798346
18.4784580499,6.77449717302
18.4784580499,6.35003135194
18.3548752834,5.63359294142
18.3548752834,4.66531735414
18.3548752834,3.49756412864
18.3548752834,2.19208040526
18.3548752834,0.816688935934
18.3594104308,-0.558313912549
18.3594104308,-1.86385051968
18.3594104308,-3.0356424854
18.3594104308,-4.01748587287
18.3594104308,-4.7640475726
18.179138322,-5.24303829433
18.179138322,-5.43665445841
18.179138322,-5.34222339912
18.179138322,-4.97203131968
18.179138322,-4.35235875902
18.1020408163,-3.521791393
18.1020408163,-2.52891243084
18.1020408163,-1.42951462626
18.1020408163,-0.283493363461
18.1020408163,0.848403737282
18.5340136054,1.90779131041
18.5340136054,2.84165156721
18.5340136054,3.60497281341
18.5340136054,4.16288759213
18.5340136054,4.49220785617
17.8798185941,4.58229056316
17.8798185941,4.43520594968
17.8798185941,4.06522020377
17.8798185941,3.49764205536
17.8798185941,2.76711680982
17.7244897959,1.91547968818
17.7244897959,0.9893015009
17.7244897959,0.0372726113226
17.7244897959,-0.892424712758
17.7244897959,-1.75461012164
17.3446712018,-2.50933269743
17.3446712018,-3.12371992303
17.3446712018,-3.57336198836
17.3446712018,-3.84317555539
17.3446712018,-3.92772350445
17.4467120181,-3.83099970119
17.4467120181,-3.56571845881
17.4467120181,-3.15217529972
17.4467120181,-2.61676731029
17.4467120181,-1.99027667802
17.6371882086,-1.30602919821
17.6371882086,-0.59804041667
17.6371882086,0.100744099203
17.6371882086,0.760020374802
17.6371882086,1.35343326879
17.8605442177,1.85956460714
17.8605442177,2.26257118858
17.8605442177,2.5524658342
17.8605442177,2.72505767468
17.8605442177,2.78158821042
17.9365079365,2.72811609356
17.9365079365,2.57471514995
17.9365079365,2.33455635579
17.9365079365,2.02294518912
17.9365079365,1.65638127712
17.8446712018,1.25169820911
17.8446712018,0.825328741772
17.8446712018,0.392725571268
17.8446712018,-0.0320483023479
17.8446712018,-0.436561502212
18.1621315193,-0.810104784315
18.1621315193,-1.14365823206
18.1621315193,-1.42977160461
18.1621315193,-1.66239868389
18.1621315193,-1.83672664066
18.0600907029,-1.94903755013
18.0600907029,-1.99663169295
18.0600907029,-1.97783192563
18.0600907029,-1.89207616649
18.0600907029,-1.74009203693
17.9263038549,-1.52413510238
17.9263038549,-1.24826111947
17.9263038549,-0.918594244961
17.9263038549,-0.543548127825
17.9263038549,-0.133955753828
18.6133786848,0.296932902643
18.6133786848,0.73361902312
18.6133786848,1.1587114096
18.6133786848,1.55347970446
18.6133786848,1.89859670112
18.1099773243,2.17504516347
18.1099773243,2.36514814637
18.1099773243,2.45366720436
18.1099773243,2.42890134067
18.1099773243,2.28371215769
18.5022675737,2.0163982371
18.5022675737,1.6313447815
18.5022675737,1.13938309477
18.5022675737,0.557808263924
18.5022675737,-0.0899782558633
18.5260770975,-0.775212605939
18.5260770975,-1.46488647127
18.5260770975,-2.12320178397
18.5260770975,-2.71330129126
18.5260770975,-3.19919303746
18.3072562358,-3.54776984137
18.3072562358,-3.73081321919
18.3072562358,-3.72686582776
18.3072562358,-3.52285791353
18.3072562358,-3.1153815481
18.4931972789,-2.51152128042
18.4931972789,-1.72917049569
18.4931972789,-0.796788146084
18.4931972789,0.247420767882
18.4931972789,1.35688709714
19.2040816327,2.47857734223
19.2040816327,3.55533776568
19.2040816327,4.52858317904
19.2040816327,5.34120910701
19.2040816327,5.94058987752
19.2585034014,6.28151536248
19.2585034014,6.328916122
19.2585034014,6.0602308006
19.2585034014,5.46728071272
19.2585034014,4.55753428655
18.9614512472,3.35466781471
18.9614512472,1.89835797237
18.9614512472,0.243274794507
18.9614512472,-1.54271993275
18.9614512472,-3.38112596114
19.820861678,-5.18602849038
19.820861678,-6.86787487999
19.820861678,-8.33765266257
19.820861678,-9.51128847696
19.820861678,-10.314065164
19.7006802721,-10.6848399999
19.7006802721,-10.5798422997
19.7006802721,-9.97583451528
19.7006802721,-8.87243819228
19.7006802721,-7.29345491708
20.6507936508,-5.28705225786
20.6507936508,-2.92473458333
20.6507936508,-0.299076717385
20.6507936508,2.47973783225
20.6507936508,5.28846595462
21.6247165533,7.99626782042
21.6247165533,10.4708495568
21.6247165533,12.5850000283
21.6247165533,14.2231969839
21.6247165533,15.2879346947
21.6768707483,15.7054205657
21.6768707483,15.4303036607
21.6768707483,14.4491340487
21.6768707483,12.7823075067
21.6768707483,10.4843231903
20.9013605442,7.64226892688
20.9013605442,4.37254519816
20.9013605442,0.815939158392
20.9013605442,-2.86874185211
20.9013605442,-6.51217811457
20.3197278912,-9.94281210517
20.3197278912,-12.9954595513
20.3197278912,-15.5197948251
20.3197278912,-17.3882433435
20.3197278912,-18.5028362841
20.2777777778,-18.8006327565
20.2777777778,-18.2573891137
20.2777777778,-16.8892502122
20.2777777778,-14.7523475119
20.2777777778,-11.9403072551
21.7414965986,-8.57979122035
21.7414965986,-4.82430521252
21.7414965986,-0.846609391029
21.7414965986,3.16985650827
21.7414965986,7.04006598116
23.2448979592,10.5865237144
23.2448979592,13.647919629
23.2448979592,16.0868627757
23.2448979592,17.796298208
23.2448979592,18.7042915919
23.7970521542,18.7769646044
23.7970521542,18.0194725041
23.7970521542,16.4750265407
23.7970521542,14.2220710465
23.7970521542,11.3698215808
22.5283446712,8.05245083271
22.5283446712,4.42226890017
22.5283446712,0.64228141146
22.5283446712,-3.12147821942
22.5283446712,-6.70745659216
23.2278911565,-9.96557392283
23.2278911565,-12.7633983408
23.2278911565,-14.9912580834
23.2278911565,-16.5661193337
23.2278911565,-17.4341311494
23.5600907029,-17.5718110003
23.5600907029,-16.9859106654
23.5600907029,-15.7120593011
23.5600907029,-13.812326077
23.5600907029,-11.3718776612
23.8775510204,-8.49492588423
23.8775510204,-5.30016890857
23.8775510204,-1.91592673192
23.8775510204,1.52483906369
23.8775510204,4.88944840167
24.910430839,8.05021643743
24.910430839,10.888827996
24.910430839,13.3002648578
24.910430839,15.1961986036
24.910430839,16.5077800801
24.7596371882,17.1877724983
24.7596371882,17.2119889964
24.7596371882,16.5800078446
24.7596371882,15.3151502064
24.7596371882,13.4637174291
23.6247165533,11.0934980825
23.6247165533,8.29157003705
23.6247165533,5.16144011341
23.6247165533,1.81958320673
23.6247165533,-1.60853614757
22.6844494892,-4.99285484649
22.6844494892,-8.20338831264
22.6844494892,-11.1150469175
22.6844494892,-13.6124281127
22.6844494892,-15.5944083867
22.1850170261,-16.9783529977
22.1850170261,-17.7037625824
22.1850170261,-17.7351850797
22.1850170261,-17.0642394361
22.1850170261,-15.7106242837
22.6662883087,-13.7220197192
22.6662883087,-11.1728324537
22.6662883087,-8.16178245529
22.6662883087,-4.80838080861
22.6662883087,-1.24840154812
23.7900113507,2.37149793645
23.7900113507,5.8998054252
23.7900113507,9.18658766137
23.7900113507,12.0900539545
23.7900113507,14.4829540481
24.4790011351,16.2585082069
24.4790011351,17.3355758279
24.4790011351,17.6627926103
24.4790011351,17.2214451292
24.4790011351,16.0269043576
24.4154370034,14.1285042224
24.4154370034,11.6078247676
24.4154370034,8.57541836031
24.4154370034,5.16609749243
24.4154370034,1.53297969366
23.8263337117,-2.15944559205
23.8263337117,-5.74290582364
23.8263337117,-9.0532256045
23.8263337117,-11.9381106447
23.8263337117,-14.2644447264
23.2985244041,-15.9247271204
23.2985244041,-16.8423167409
23.2985244041,-16.9752070683
23.2985244041,-16.3181295549
23.2985244041,-14.9028688611
23.9659477866,-12.7967660839
23.9659477866,-10.0994808631
23.9659477866,-6.93817446447
23.9659477866,-3.46135841678
23.9659477866,0.168277682621
24.9977298524,3.78169385275
24.9977298524,7.21158595795
24.9977298524,10.3003236269
24.9977298524,12.9073450655
24.9977298524,14.91564696
24.8286038593,16.2370593622
24.8286038593,16.8160625821
24.8286038593,16.6319816333
24.8286038593,15.6994790959
24.8286038593,14.0673545886
23.9614074915,11.8157436232
23.9614074915,9.05188606834
23.9614074915,5.9047009401
23.9614074915,2.5184567037
23.9614074915,-0.954137471719
23.788876277,-4.35907524192
23.788876277,-7.54808602686
23.788876277,-10.3852279414
23.788876277,-12.7527428466
23.788876277,-14.5559206145
23.8365493757,-15.7267753469
23.8365493757,-16.2263994789
23.8365493757,-16.0459290818
23.8365493757,-15.2061218113
23.8365493757,-13.7556145061
24.4790011351,-11.7679873234
24.4790011351,-9.33781279366
24.4790011351,-6.5759090408
24.4790011351,-3.60404501876
24.4790011351,-0.549360950909
26.2644721907,2.461231058
26.2644721907,5.30641263158
26.2644721907,7.87536075995
26.2644721907,10.0719890146
26.2644721907,11.8183737128
26.8354143019,13.0572576682
26.8354143019,13.7535739935
26.8354143019,13.8949818776
26.8354143019,13.4914525593
26.8354143019,12.5739843784
26.1316685585,11.1925588294
26.1316685585,9.41347360777
26.1316685585,7.31620307404
26.1316685585,4.9899414574
26.1316685585,2.52998026964
25.8501702611,0.0340602217132
25.8501702611,-2.40117869721
25.8501702611,-4.68354524213
25.8501702611,-6.72836029716
25.8501702611,-8.46117289628
25.1350737798,-9.82008348855
25.1350737798,-10.7576425593
25.1350737798,-11.2423018813
25.1350737798,-11.2594006755
25.1350737798,-10.811670647
24.3575482406,-9.91924362696
24.3575482406,-8.61914514814
24.3575482406,-6.96425864281
24.3575482406,-5.02174987846
24.3575482406,-2.8709512152
24.1498297389,-0.600721156063
24.1498297389,1.69368339621
24.1498297389,3.91415748343
24.1498297389,5.96362530869
24.1498297389,7.75011615786
23.5448354143,9.19087996583
23.5448354143,10.2163574144
23.5448354143,10.7738015519
23.5448354143,10.8303411871
23.5448354143,10.3752830821
23.2122587968,9.42147165217
23.2122587968,8.00556170274
23.2122587968,6.18711061221
23.2122587968,4.04645891271
23.2122587968,1.68143881753
21.8274687855,-0.796975689385
21.8274687855,-3.26989129272
21.8274687855,-5.61633936449
21.8274687855,-7.71943810433
21.8274687855,-9.47253398194
21.1021566402,-10.7849689865
21.1021566402,-11.5871283173
21.1021566402,-11.8344545539
21.1021566402,-11.510167738
21.1021566402,-10.6265031922
21.14415437,-9.22436577647
21.14415437,-7.3713949315
21.14415437,-5.15853277059
21.14415437,-2.69528088787
21.14415437,-0.103913893214
22.1715909091,2.48701683033
22.1715909091,4.94951162875
22.1715909091,7.16288630892
22.1715909091,9.0200803327
22.1715909091,10.4331501332
21.4215909091,11.3376423854
21.4215909091,11.6956149588
21.4215909091,11.4971595949
21.4215909091,10.7603739477
21.4215909091,9.52982497727
20.6477272727,7.87363442572
20.6477272727,5.87939445331
20.6477272727,3.64918273184
20.6477272727,1.29398797284
20.6477272727,-1.07212285057
19.5352272727,-3.33776569951
19.5352272727,-5.39962091704
19.5352272727,-7.16716616482
19.5352272727,-8.56654540929
19.5352272727,-9.54342125867
19.1738636364,-10.0647252598
19.1738636364,-10.1192878321
19.1738636364,-9.71739194615
19.1738636364,-8.88934876666
19.1738636364,-7.68323653316
18.5454545455,-6.16197428453
18.5454545455,-4.3999190851
18.5454545455,-2.47917967014
18.5454545455,-0.485832281772
18.5454545455,1.49379201242
18.0965909091,3.3766025209
18.0965909091,5.08590807873
18.0965909091,6.55415052638
18.0965909091,7.72515107309
18.0965909091,8.55583368304
17.4534090909,9.01741137857
17.4534090909,9.09603868216
17.4534090909,8.79294632248
17.4534090909,8.12408333356
17.4534090909,7.11929769334
16.3693181818,5.82109082042
16.3693181818,4.28298476758
16.3693181818,2.56754489777
16.3693181818,0.744106018731
16.3693181818,-1.11374316254
15.4659090909,-2.93085380744
15.4659090909,-4.63331558925
15.4659090909,-6.15127650965
15.4659090909,-7.42169049718
15.4659090909,-8.39089170611
14.6477272727,-9.01689011728
14.6477272727,-9.27128336763
14.6477272727,-9.14068571135
14.6477272727,-8.62758726968
14.6477272727,-7.75057539724
14.625,-6.54387468826
14.625,-5.05619192364
14.625,-3.34888567795
14.625,-1.49351550223
14.625,0.431139577331
14.7079545455,2.34247134211
14.7079545455,4.15769229611
14.7079545455,5.79757578088
14.7079545455,7.19010521181
14.7079545455,8.27384951538
14.5784090909,9.00089036111
14.5784090909,9.33914553243
14.5784090909,9.27396096553
14.5784090909,8.80888015736
14.5784090909,7.96554180178
13.8488636364,6.7827022248
13.8488636364,5.31442575724
13.8488636364,3.62753081856
13.8488636364,1.7984195011
13.8488636364,-0.090548569202
13.0318181818,-1.9549533305
13.0318181818,-3.71228398457
13.0318181818,-5.28578049016
13.0318181818,-6.60795477317
13.0318181818,-7.62361883896
12.4386363636,-8.29227547484
12.4386363636,-8.58976314084
12.4386363636,-8.50908771818
12.4386363636,-8.06041751914
12.4386363636,-7.27026177059
12.5738636364,-6.17989416463
12.5738636364,-4.84311975864
12.5738636364,-3.32351361482
12.5738636364,-1.69128168448
12.5738636364,-0.0199076964881
12.4556818182,1.61724609671
12.4556818182,3.15022127244
12.4556818182,4.51547860314
12.4556818182,5.65851626446
12.4556818182,6.535986097
12.1931818182,7.11723227085
12.1931818182,7.3852078155
12.1931818182,7.33675581698
12.1931818182,6.98227203723
12.1931818182,6.34479288645
11.7397727273,5.4585759647
11.7397727273,4.36725898534
11.7397727273,3.12169632294
11.7397727273,1.7775805256
11.7397727273,0.392959006503
11.0761363636,-0.974245873148
11.0761363636,-2.26861146973
11.0761363636,-3.43939245981
11.0761363636,-4.44242258007
11.0761363636,-5.24167691951
10.8159090909,-5.81044784047
10.8159090909,-6.13210499211
10.8159090909,-6.200427326
10.8159090909,-6.01951192236
10.8159090909,-5.60328025555
10.6068181818,-4.97461680232
10.6068181818,-4.16418723631
10.6068181818,-3.20899353633
10.6068181818,-2.15073091954
10.6068181818,-1.03401642815
10.9125,0.0954388320347
10.9125,1.19264237079
10.9125,2.21504968134
10.9125,3.12414770199
10.9125,3.88683754866
10.7772727273,4.47657123026
10.7772727273,4.87420790858
10.7772727273,5.0685669414
10.7772727273,5.05666693807
10.7772727273,4.8436518624
10.5545454545,4.44241637378
10.5545454545,3.87295270768
10.5545454545,3.1614501488
10.5545454545,2.33918533256
10.5545454545,1.44124711336
10.1431818182,0.505143551792
10.1431818182,-0.430659232276
10.1431818182,-1.32821588407
10.1431818182,-2.15154846782
10.1431818182,-2.86801285776
9.84659090909,-3.44953952366
9.84659090909,-3.87370700192
9.84659090909,-4.12461080334
9.84659090909,-4.19349579052
9.84659090909,-4.07912620304
9.62954545455,-3.78787458159
9.62954545455,-3.33351890122
9.62954545455,-2.73674629138
9.62954545455,-2.0243717398
9.62954545455,-1.22829099279
9.53977272727,-0.384198187532
9.53977272727,0.469889838182
9.53977272727,1.29524967141
9.53977272727,2.0541451831
9.53977272727,2.71152846106
9.60113636364,3.23667179469
9.60113636364,3.60465261096
9.60113636364,3.79761503058
9.60113636364,3.80573770607
9.60113636364,3.62784794262
9.32840909091,3.2716366193
9.32840909091,2.75344663615
9.32840909091,2.09762871308
9.32840909091,1.33548127718
9.32840909091,0.50381458801
9.22386363636,-0.356798286155
9.22386363636,-1.20400101277
9.22386363636,-1.99576529651
9.22386363636,-2.69252417414
9.22386363636,-3.25921264664
8.89431818182,-3.66710280818
8.89431818182,-3.89532932263
8.89431818182,-3.93201636287
8.89431818182,-3.77493820272
8.89431818182,-3.4316713454
9.1875,-2.91922484482
9.1875,-2.26316553688
9.1875,-1.49628433088
9.1875,-0.656876611751
9.1875,0.213267584039
9.38636363636,1.07105111329
9.38636363636,1.87431250799
9.38636363636,2.58399903015
9.38636363636,3.1661501757
9.38636363636,3.59358417259
9.28863636364,3.84719874172
9.28863636364,3.91682117559
9.28863636364,3.80157002987
9.28863636364,3.50971961115
9.28863636364,3.0580871047
8.96136363636,2.47098881428
8.96136363636,1.77883496661
8.96136363636,1.01645055174
8.96136363636,0.221221792637
8.96136363636,-0.568826440921
8.73181818182,-1.3169176947
8.73181818182,-1.9892777096
8.73181818182,-2.55666931142
8.73181818182,-2.99563922579
8.73181818182,-3.28942705045
8.48295454545,-3.42850764047
8.48295454545,-3.41075939783
8.48295454545,-3.24127109995
8.48295454545,-2.93181782362
8.48295454545,-2.5000513339
8.45795454545,-1.96846140531
8.45795454545,-1.36317161958
8.45795454545,-0.712636227415
8.45795454545,-0.046303920774
8.45795454545,0.606689693408
8.32272727273,1.2187458708
8.32272727273,1.76489642099
8.32272727273,2.22373090018
8.32272727273,2.57813131398
8.32272727273,2.81579861757
8.12272727273,2.92956491699
8.12272727273,2.91749384981
8.12272727273,2.78277892451
8.12272727273,2.53345553264
8.12272727273,2.18194694401
7.84659090909,1.74446797159
7.84659090909,1.24031232675
7.84659090909,0.691051177297
7.84659090909,0.119671262309
7.84659090909,-0.450318733663
7.57272727273,-0.995784884947
7.57272727273,-1.49483953224
7.57272727273,-1.92766006951
7.57272727273,-2.27722867232
7.57272727273,-2.52996835363
7.31590909091,-2.67625311053
7.31590909091,-2.71077306197
7.31590909091,-2.63273944076
7.31590909091,-2.44591910902
7.31590909091,-2.15849385805
7.33409090909,-1.78274599966
7.33409090909,-1.33457844739
7.33409090909,-0.832884346104
7.33409090909,-0.298788009003
7.33409090909,0.24521489738
7.28863636364,0.776184679929
7.28863636364,1.27169514202
7.28863636364,1.71078142928
7.28863636364,2.07483750531
7.28863636364,2.34842361592
7.23181818182,2.51994705241
7.23181818182,2.58218429973
7.23181818182,2.5326190725
7.23181818182,2.37357852634
7.23181818182,2.11215872718
6.93863636364,1.75993985525
6.93863636364,1.3325011633
6.93863636364,0.84875494166
6.93863636364,0.330127220235
6.93863636364,-0.200379749341
6.75795454545,-0.719202391796
6.75795454545,-1.20326324806
6.75795454545,-1.63100411397
6.75795454545,-1.98335813196
6.75795454545,-2.24461630195
6.43181818182,-2.40314812734
6.43181818182,-2.45194223376
6.43181818182,-2.38894054794
6.43181818182,-2.21714868671
6.43181818182,-1.94451520725
6.44545454545,-1.58358289096
6.44545454545,-1.15092582102
6.44545454545,-0.666396200506
6.44545454545,-0.152214174352
6.44545454545,0.36805808703
6.26590909091,0.870610527323
6.26590909091,1.33249589142
6.26590909091,1.73270350548
6.26590909091,2.05314348774
6.26590909091,2.27949217055
6.12840909091,2.40185555909
6.12840909091,2.415216117
6.12840909091,2.3196387308
6.12840909091,2.12022390542
6.12840909091,1.82680949999
5.86931818182,1.45343594141
5.86931818182,1.01760309635
5.86931818182,0.539359048389
5.86931818182,0.0402711375219
5.86931818182,-0.457662941608
5.55227272727,-0.933102021076
5.55227272727,-1.36638390175
5.55227272727,-1.74042441367
5.55227272727,-2.04144154068
5.55227272727,-2.25946406692
5.39431818182,-2.38859827567
5.39431818182,-2.4270425473
5.39431818182,-2.37685722107
5.39431818182,-2.24351459984
5.39431818182,-2.03527019066
5.45681818182,-1.76240988921
5.45681818182,-1.43643763581
5.45681818182,-1.06927309621
5.45681818182,-0.672528456142
5.45681818182,-0.256927148452
5.3625,0.168084613282
5.3625,0.594499633597
5.3625,1.01567200679
5.3625,1.42601048274
5.3625,1.82047765624
5.30113636364,2.19395237007
5.30113636364,2.54053179476
5.30113636364,2.85286310218
5.30113636364,3.12160075338
5.30113636364,3.3350829163
5.05568181818,3.47930879714
5.05568181818,3.53827784423
5.05568181818,3.49472281871
5.05568181818,3.33123339518
5.05568181818,3.03172777572
4.91704545455,2.58318988924
4.91704545455,1.97755260343
4.91704545455,1.21357661033
4.91704545455,0.298553671535
4.91704545455,-0.750345380402
4.79545454545,-1.90525102121
4.79545454545,-3.12745472664
4.79545454545,-4.36806125815
4.79545454545,-5.56949538929
4.79545454545,-6.66786270947
4.78522727273,-7.59609536951
4.78522727273,-8.28774345158
4.78522727273,-8.68120678125
4.78522727273,-8.72414629951
4.78522727273,-8.37777405038
4.75454545455,-7.62070101338
4.75454545455,-6.45202567883
4.75454545455,-4.89337497072
4.75454545455,-2.98966244341
4.75454545455,-0.808404123128
4.55,1.56247454291
4.55,4.01830264061
4.55,6.44265221409
4.55,8.71340064401
4.55,10.7095250996
4.42386363636,12.3182163191
4.42386363636,13.4418550953
4.42386363636,14.0043825787
4.42386363636,13.956617141
4.42386363636,13.2801257529
4.27613636364,11.9893436039
4.27613636364,10.1317465156
4.27613636364,7.78600891294
4.27613636364,5.05821647445
4.27613636364,2.07633702555
